0.7210
0.4290
4.0410
0.6400
0.1130
1.5380

0.7230
0.3990
4.0590
0.6360
0.0930
1.5350

0.7230
0.3920
4.0400
0.6320
0.0960
1.5500

0.7270
0.3830
4.0640
0.6340
0.0840
1.5640

0.7230
0.4030
4.0270
0.6320
0.0820
1.5630

0.7250
0.4000
4.0220
0.6240
0.0840
1.5770

0.7130
0.3780
4.0320
0.6250
0.0960
1.5260

0.7170
0.4090
4.0300
0.6340
0.0810
1.5640

0.7240
0.4150
4.0340
0.6340
0.0910
1.5210

0.7280
0.3870
4.0180
0.6340
0.1040
1.5920

0.5210
0.2840
2.8190
0.4410
0.1270
1.1850

0.5160
0.2640
2.8410
0.4300
0.0580
1.1550

0.5160
0.2840
2.8020
0.4320
0.0630
1.1610

0.5130
0.2740
2.8350
0.4290
0.0610
1.1580

0.5160
0.2720
2.8300
0.4240
0.2100
2.0290

0.5150
0.2790
2.8380
0.4230
0.0570
1.2270

0.5110
0.2750
2.8260
0.4220
0.0600
1.1730

0.5120
0.2680
2.8190
0.4220
0.0550
1.1510

0.5120
0.2520
2.8150
0.4230
0.0580
1.1710

0.5110
0.2620
2.8040
0.4250
0.0650
1.1560

0.1060
0.1960
1.8800
0.2970
0.0400
0.9240

0.1200
0.1750
1.9270
0.2900
0.0410
0.8570

0.1150
0.1790
1.9020
0.2830
0.0490
0.8970

0.1130
0.1990
1.8920
0.2900
0.0440
0.9700

0.1110
0.2030
1.8900
0.2890
0.0390
0.8670

0.1130
0.1810
1.8740
0.2910
0.0470
0.8990

0.1150
0.1830
1.8920
0.2910
0.0380
0.8360

0.1120
0.1740
1.8820
0.2900
0.0540
0.9140

0.1140
0.1800
1.8970
0.2940
0.0430
0.8580

0.1290
0.1840
1.8930
0.2990
0.0710
0.9110
